0 999
0 6.18244841631558e-01
1 9.03156349923014e-01
2 1.05030452725653e+00
3 1.12746239437955e+00
4 1.16115872835604e+00
5 1.16115872835934e+00
6 1.12746239438976e+00
7 1.05030452720378e+00
8 9.03156349824309e-01
9 6.18244841537830e-01
10 9.03156349922675e-01
11 1.37519436526217e+00
12 1.63560420951987e+00
13 1.77665555518854e+00
14 1.83916562349439e+00
15 1.83916562372383e+00
16 1.77665555520682e+00
17 1.63560420945882e+00
18 1.37519436490680e+00
19 9.03156349797126e-01
20 1.05030452725519e+00
21 1.63560420951629e+00
22 1.97270836300892e+00
23 2.16001268701440e+00
24 2.24410894494698e+00
25 2.24410894477587e+00
26 2.16001268755527e+00
27 1.97270836281590e+00
28 1.63560420939374e+00
29 1.05030452694458e+00
30 1.12746239437490e+00
31 1.77665555517904e+00
32 2.16001268701162e+00
33 2.37652723487203e+00
34 2.47461402068528e+00
35 2.47461402122154e+00
36 2.37652723483886e+00
37 2.16001268755648e+00
38 1.77665555493508e+00
39 1.12746239444384e+00
40 1.16115872835316e+00
41 1.83916562349533e+00
42 2.24410894498156e+00
43 2.47461402072649e+00
44 2.57950577003239e+00
45 2.57950576988337e+00
46 2.47461402130116e+00
47 2.24410894491299e+00
48 1.83916562383327e+00
49 1.16115872832687e+00
50 1.16115872836937e+00
51 1.83916562376798e+00
52 2.24410894487382e+00
53 2.47461402131481e+00
54 2.57950576994244e+00
55 2.57950577011581e+00
56 2.47461402120596e+00
57 2.24410894515783e+00
58 1.83916562355730e+00
59 1.16115872841305e+00
60 1.12746239441369e+00
61 1.77665555528139e+00
62 2.16001268767725e+00
63 2.37652723496728e+00
64 2.47461402128037e+00
65 2.47461402117357e+00
66 2.37652723509502e+00
67 2.16001268724169e+00
68 1.77665555516626e+00
69 1.12746239412861e+00
70 1.05030452722163e+00
71 1.63560420952060e+00
72 1.97270836291575e+00
73 2.16001268749207e+00
74 2.24410894480287e+00
75 2.24410894507811e+00
76 2.16001268717676e+00
77 1.97270836291565e+00
78 1.63560420889417e+00
79 1.05030452719466e+00
80 9.03156349829969e-01
81 1.37519436493982e+00
82 1.63560420931346e+00
83 1.77665555478125e+00
84 1.83916562371577e+00
85 1.83916562341304e+00
86 1.77665555511254e+00
87 1.63560420885328e+00
88 1.37519436507656e+00
89 9.03156349699988e-01
90 6.18244841541135e-01
91 9.03156349759452e-01
92 1.05030452685227e+00
93 1.12746239437816e+00
94 1.16115872821778e+00
95 1.16115872838192e+00
96 1.12746239407814e+00
97 1.05030452717746e+00
98 9.03156349694051e-01
99 6.18244841663888e-01
100 9.03156349943656e-01
101 1.37519436532403e+00
102 1.63560420967257e+00
103 1.77665555536359e+00
104 1.83916562370643e+00
105 1.83916562384597e+00
106 1.77665555538055e+00
107 1.63560420958800e+00
108 1.37519436508648e+00
109 9.03156349875164e-01
110 1.37519436532334e+00
111 2.17364507259559e+00
112 2.63876244646341e+00
113 2.89768841640580e+00
114 3.01390489006384e+00
115 3.01390488989917e+00
116 2.89768841691652e+00
117 2.63876244611693e+00
118 2.17364507237903e+00
119 1.37519436497023e+00
120 1.63560420966588e+00
121 2.63876244645479e+00
122 3.24501638475412e+00
123 3.59007602689975e+00
124 3.74675239259711e+00
125 3.74675239330560e+00
126 3.59007602679524e+00
127 3.24501638537007e+00
128 2.63876244589376e+00
129 1.63560420965878e+00
130 1.77665555535143e+00
131 2.89768841637963e+00
132 3.59007602690924e+00
133 3.98990999238580e+00
134 4.17292815592013e+00
135 4.17292815570764e+00
136 3.98990999338450e+00
137 3.59007602671533e+00
138 2.89768841699206e+00
139 1.77665555535083e+00
140 1.83916562369937e+00
141 3.01390489008930e+00
142 3.74675239265509e+00
143 4.17292815599713e+00
144 4.36879503729641e+00
145 4.36879503751206e+00
146 4.17292815594756e+00
147 3.74675239342693e+00
148 3.01390489006560e+00
149 1.83916562398559e+00
150 1.83916562387585e+00
151 3.01390488998644e+00
152 3.74675239349383e+00
153 4.17292815593629e+00
154 4.36879503752883e+00
155 4.36879503762315e+00
156 4.17292815601374e+00
157 3.74675239313700e+00
158 3.01390489018806e+00
159 1.83916562379806e+00
160 1.77665555542220e+00
161 2.89768841707563e+00
162 3.59007602710126e+00
163 3.98990999339948e+00
164 4.17292815590861e+00
165 4.17292815596607e+00
166 3.98990999307350e+00
167 3.59007602690098e+00
168 2.89768841624826e+00
169 1.77665555537811e+00
170 1.63560420963033e+00
171 2.63876244630024e+00
172 3.24501638533877e+00
173 3.59007602657104e+00
174 3.74675239327390e+00
175 3.74675239295212e+00
176 3.59007602684653e+00
177 3.24501638433919e+00
178 2.63876244624269e+00
179 1.63560420929829e+00
180 1.37519436512327e+00
181 2.17364507232048e+00
182 2.63876244570439e+00
183 2.89768841680130e+00
184 3.01390488979091e+00
185 3.01390489008917e+00
186 2.89768841611891e+00
187 2.63876244619236e+00
188 2.17364507190521e+00
189 1.37519436537200e+00
190 9.03156349850855e-01
191 1.37519436487743e+00
192 1.63560420957645e+00
193 1.77665555517485e+00
194 1.83916562394956e+00
195 1.83916562372633e+00
196 1.77665555532902e+00
197 1.63560420924744e+00
198 1.37519436537506e+00
199 9.03156350014028e-01
200 1.05030452731921e+00
201 1.63560420973487e+00
202 1.97270836338568e+00
203 2.16001268758580e+00
204 2.24410894518105e+00
205 2.24410894515932e+00
206 2.16001268774461e+00
207 1.97270836323875e+00
208 1.63560420957681e+00
209 1.05030452714775e+00
210 1.63560420973062e+00
211 2.63876244665899e+00
212 3.24501638527490e+00
213 3.59007602705791e+00
214 3.74675239288375e+00
215 3.74675239331303e+00
216 3.59007602704821e+00
217 3.24501638544193e+00
218 2.63876244608963e+00
219 1.63560420959920e+00
220 1.97270836336967e+00
221 3.24501638524988e+00
222 4.03971300257754e+00
223 4.50107628616647e+00
224 4.71274394831265e+00
225 4.71274394813874e+00
226 4.50107628712364e+00
227 4.03971300222719e+00
228 3.24501638542808e+00
229 1.97270836310113e+00
230 2.16001268755996e+00
231 3.59007602703888e+00
232 4.50107628614637e+00
233 5.03692435869803e+00
234 5.28456933411583e+00
235 5.28456933455151e+00
236 5.03692435866991e+00
237 4.50107628711274e+00
238 3.59007602691637e+00
239 2.16001268791783e+00
240 2.24410894518546e+00
241 3.74675239286926e+00
242 4.71274394842741e+00
243 5.28456933424740e+00
244 5.54981806726279e+00
245 5.54981806746596e+00
246 5.28456933452488e+00
247 4.71274394831710e+00
248 3.74675239347311e+00
249 2.24410894538660e+00
250 2.24410894517821e+00
251 3.74675239346536e+00
252 4.71274394846950e+00
253 5.28456933463722e+00
254 5.54981806751024e+00
255 5.54981806720882e+00
256 5.28456933461882e+00
257 4.71274394828377e+00
258 3.74675239309700e+00
259 2.24410894526973e+00
260 2.16001268781733e+00
261 3.59007602734995e+00
262 4.50107628723183e+00
263 5.03692435873268e+00
264 5.28456933445316e+00
265 5.28456933454289e+00
266 5.03692435849637e+00
267 4.50107628624308e+00
268 3.59007602688762e+00
269 2.16001268740381e+00
270 1.97270836333980e+00
271 3.24501638547322e+00
272 4.03971300218814e+00
273 4.50107628694237e+00
274 4.71274394806901e+00
275 4.71274394819503e+00
276 4.50107628614714e+00
277 4.03971300215581e+00
278 3.24501638447884e+00
279 1.97270836341364e+00
280 1.63560420955007e+00
281 2.63876244597727e+00
282 3.24501638523750e+00
283 3.59007602659505e+00
284 3.74675239335665e+00
285 3.74675239292943e+00
286 3.59007602676026e+00
287 3.24501638439081e+00
288 2.63876244656558e+00
289 1.63560420967562e+00
290 1.05030452709352e+00
291 1.63560420951728e+00
292 1.97270836291231e+00
293 2.16001268787996e+00
294 2.24410894532113e+00
295 2.24410894519861e+00
296 2.16001268728561e+00
297 1.97270836339576e+00
298 1.63560420967468e+00
299 1.05030452741177e+00
300 1.12746239447586e+00
301 1.77665555548730e+00
302 2.16001268770246e+00
303 2.37652723509784e+00
304 2.47461402108181e+00
305 2.47461402119881e+00
306 2.37652723515870e+00
307 2.16001268765196e+00
308 1.77665555524503e+00
309 1.12746239437255e+00
310 1.77665555547779e+00
311 2.89768841697373e+00
312 3.59007602707748e+00
313 3.98990999264770e+00
314 4.17292815559110e+00
315 4.17292815554983e+00
316 3.98990999320848e+00
317 3.59007602677517e+00
318 2.89768841670428e+00
319 1.77665555503746e+00
320 2.16001268767914e+00
321 3.59007602704777e+00
322 4.50107628609914e+00
323 5.03692435832749e+00
324 5.28456933358112e+00
325 5.28456933422618e+00
326 5.03692435832120e+00
327 4.50107628678276e+00
328 3.59007602641948e+00
329 2.16001268776481e+00
330 2.37652723507523e+00
331 3.98990999257925e+00
332 5.03692435835791e+00
333 5.66034491604267e+00
334 5.95043214175863e+00
335 5.95043214178327e+00
336 5.66034491680978e+00
337 5.03692435810492e+00
338 3.98990999329698e+00
339 2.37652723524457e+00
340 2.47461402105632e+00
341 4.17292815567623e+00
342 5.28456933378342e+00
343 5.95043214182464e+00
344 6.26133856190509e+00
345 6.26133856171650e+00
346 5.95043214189311e+00
347 5.28456933415860e+00
348 4.17292815570947e+00
349 2.47461402140773e+00
350 2.47461402126775e+00
351 4.17292815583104e+00
352 5.28456933441229e+00
353 5.95043214195535e+00
354 6.26133856170703e+00
355 6.26133856214352e+00
356 5.95043214154160e+00
357 5.28456933383693e+00
358 4.17292815561782e+00
359 2.47461402121190e+00
360 2.37652723530047e+00
361 3.98990999336011e+00
362 5.03692435853269e+00
363 5.66034491677113e+00
364 5.95043214180405e+00
365 5.95043214151529e+00
366 5.66034491625802e+00
367 5.03692435789084e+00
368 3.98990999219445e+00
369 2.37652723511004e+00
370 2.16001268767591e+00
371 3.59007602683576e+00
372 4.50107628668279e+00
373 5.03692435788061e+00
374 5.28456933406020e+00
375 5.28456933370310e+00
376 5.03692435780391e+00
377 4.50107628518360e+00
378 3.59007602681114e+00
379 2.16001268744926e+00
380 1.77665555520402e+00
381 2.89768841658736e+00
382 3.59007602616530e+00
383 3.98990999318922e+00
384 4.17292815554587e+00
385 4.17292815544402e+00
386 3.98990999198665e+00
387 3.59007602676697e+00
388 2.89768841643669e+00
389 1.77665555571643e+00
390 1.12746239432796e+00
391 1.77665555491349e+00
392 2.16001268773697e+00
393 2.37652723520288e+00
394 2.47461402131731e+00
395 2.47461402105869e+00
396 2.37652723507189e+00
397 2.16001268741952e+00
398 1.77665555572104e+00
399 1.12746239485441e+00
400 1.16115872846644e+00
401 1.83916562391212e+00
402 2.24410894516934e+00
403 2.47461402106614e+00
404 2.57950576979783e+00
405 2.57950576985399e+00
406 2.47461402119491e+00
407 2.24410894512507e+00
408 1.83916562370059e+00
409 1.16115872823775e+00
410 1.83916562390760e+00
411 3.01390489017218e+00
412 3.74675239283496e+00
413 4.17292815540965e+00
414 4.36879503651005e+00
415 4.36879503696471e+00
416 4.17292815556872e+00
417 3.74675239296386e+00
418 3.01390488942291e+00
419 1.83916562371794e+00
420 2.24410894515992e+00
421 3.74675239280476e+00
422 4.71274394781759e+00
423 5.28456933303167e+00
424 5.54981806653890e+00
425 5.54981806647804e+00
426 5.28456933396260e+00
427 4.71274394730284e+00
428 3.74675239297315e+00
429 2.24410894491000e+00
430 2.47461402103727e+00
431 4.17292815544451e+00
432 5.28456933310936e+00
433 5.95043214141546e+00
434 6.26133856120488e+00
435 6.26133856145267e+00
436 5.95043214131679e+00
437 5.28456933391555e+00
438 4.17292815529269e+00
439 2.47461402149065e+00
440 2.57950576984313e+00
441 4.36879503669176e+00
442 5.54981806668507e+00
443 6.26133856131670e+00
444 6.59467189525135e+00
445 6.59467189563859e+00
446 6.26133856127961e+00
447 5.54981806639863e+00
448 4.36879503718511e+00
449 2.57950577026448e+00
450 2.57950576998554e+00
451 4.36879503716362e+00
452 5.54981806675920e+00
453 6.26133856149027e+00
454 6.59467189564512e+00
455 6.59467189504209e+00
456 6.26133856137750e+00
457 5.54981806622390e+00
458 4.36879503663139e+00
459 2.57950576988221e+00
460 2.47461402128182e+00
461 4.17292815580370e+00
462 5.28456933402988e+00
463 5.95043214130802e+00
464 6.26133856126616e+00
465 6.26133856135334e+00
466 5.95043214072920e+00
467 5.28456933256920e+00
468 4.17292815516970e+00
469 2.47461402086940e+00
470 2.24410894517675e+00
471 3.74675239297354e+00
472 4.71274394723882e+00
473 5.28456933387068e+00
474 5.54981806630047e+00
475 5.54981806608470e+00
476 5.28456933243324e+00
477 4.71274394726096e+00
478 3.74675239200028e+00
479 2.24410894539976e+00
480 1.83916562367706e+00
481 3.01390488934958e+00
482 3.74675239295064e+00
483 4.17292815519637e+00
484 4.36879503698628e+00
485 4.36879503636143e+00
486 4.17292815508181e+00
487 3.74675239193894e+00
488 3.01390489050658e+00
489 1.83916562438516e+00
490 1.16115872821473e+00
491 1.83916562373909e+00
492 2.24410894492667e+00
493 2.47461402139925e+00
494 2.57950577009450e+00
495 2.57950576984513e+00
496 2.47461402080894e+00
497 2.24410894538506e+00
498 1.83916562438835e+00
499 1.16115872860164e+00
500 1.16115872848698e+00
501 1.83916562391798e+00
502 2.24410894523304e+00
503 2.47461402114445e+00
504 2.57950576981880e+00
505 2.57950576993356e+00
506 2.47461402133131e+00
507 2.24410894512688e+00
508 1.83916562362007e+00
509 1.16115872834295e+00
510 1.83916562392501e+00
511 3.01390489023680e+00
512 3.74675239308992e+00
513 4.17292815513886e+00
514 4.36879503693169e+00
515 4.36879503703484e+00
516 4.17292815570817e+00
517 3.74675239270533e+00
518 3.01390488982526e+00
519 1.83916562340066e+00
520 2.24410894522861e+00
521 3.74675239311284e+00
522 4.71274394734531e+00
523 5.28456933388510e+00
524 5.54981806630386e+00
525 5.54981806681028e+00
526 5.28456933377958e+00
527 4.71274394788606e+00
528 3.74675239235361e+00
529 2.24410894539612e+00
530 2.47461402117368e+00
531 4.17292815523934e+00
532 5.28456933396398e+00
533 5.95043214103452e+00
534 6.26133856159191e+00
535 6.26133856167344e+00
536 5.95043214151278e+00
537 5.28456933346822e+00
538 4.17292815603482e+00
539 2.47461402166398e+00
540 2.57950576991048e+00
541 4.36879503707635e+00
542 5.54981806648653e+00
543 6.26133856163228e+00
544 6.59467189573213e+00
545 6.59467189527340e+00
546 6.26133856155022e+00
547 5.54981806669127e+00
548 4.36879503725373e+00
549 2.57950577012627e+00
550 2.57950577002740e+00
551 4.36879503725804e+00
552 5.54981806691680e+00
553 6.26133856174815e+00
554 6.59467189529269e+00
555 6.59467189575311e+00
556 6.26133856101392e+00
557 5.54981806612880e+00
558 4.36879503683541e+00
559 2.57950576995137e+00
560 2.47461402143191e+00
561 4.17292815582442e+00
562 5.28456933389634e+00
563 5.95043214155958e+00
564 6.26133856157933e+00
565 6.26133856095984e+00
566 5.95043214052685e+00
567 5.28456933315615e+00
568 4.17292815457893e+00
569 2.47461402129098e+00
570 2.24410894516659e+00
571 3.74675239277895e+00
572 4.71274394794684e+00
573 5.28456933346907e+00
574 5.54981806652164e+00
575 5.54981806592253e+00
576 5.28456933311135e+00
577 4.71274394620187e+00
578 3.74675239321834e+00
579 2.24410894544050e+00
580 1.83916562363823e+00
581 3.01390488987335e+00
582 3.74675239236856e+00
583 4.17292815584121e+00
584 4.36879503696220e+00
585 4.36879503675562e+00
586 4.17292815446766e+00
587 3.74675239318599e+00
588 3.01390489043253e+00
589 1.83916562428460e+00
590 1.16115872836450e+00
591 1.83916562345312e+00
592 2.24410894532576e+00
593 2.47461402148341e+00
594 2.57950577010139e+00
595 2.57950576991240e+00
596 2.47461402126621e+00
597 2.24410894542681e+00
598 1.83916562428947e+00
599 1.16115872898628e+00
600 1.12746239450903e+00
601 1.77665555559767e+00
602 2.16001268780078e+00
603 2.37652723520218e+00
604 2.47461402131382e+00
605 2.47461402145744e+00
606 2.37652723532146e+00
607 2.16001268775440e+00
608 1.77665555532132e+00
609 1.12746239425853e+00
610 1.77665555559891e+00
611 2.89768841709740e+00
612 3.59007602703335e+00
613 3.98990999324633e+00
614 4.17292815574615e+00
615 4.17292815606740e+00
616 3.98990999338185e+00
617 3.59007602704549e+00
618 2.89768841627185e+00
619 1.77665555548670e+00
620 2.16001268781223e+00
621 3.59007602706515e+00
622 4.50107628699756e+00
623 5.03692435816064e+00
624 5.28456933454779e+00
625 5.28456933451467e+00
626 5.03692435874664e+00
627 4.50107628623878e+00
628 3.59007602740290e+00
629 2.16001268793187e+00
630 2.37652723525087e+00
631 3.98990999331772e+00
632 5.03692435821873e+00
633 5.66034491718832e+00
634 5.95043214218315e+00
635 5.95043214212546e+00
636 5.66034491683317e+00
637 5.03692435895460e+00
638 3.98990999354046e+00
639 2.37652723564918e+00
640 2.47461402136960e+00
641 4.17292815585442e+00
642 5.28456933461523e+00
643 5.95043214222820e+00
644 6.26133856212665e+00
645 6.26133856248302e+00
646 5.95043214191376e+00
647 5.28456933438463e+00
648 4.17292815622838e+00
649 2.47461402181563e+00
650 2.47461402151825e+00
651 4.17292815614949e+00
652 5.28456933463698e+00
653 5.95043214220493e+00
654 6.26133856254216e+00
655 6.26133856166870e+00
656 5.95043214176583e+00
657 5.28456933393795e+00
658 4.17292815559620e+00
659 2.47461402139971e+00
660 2.37652723537014e+00
661 3.98990999349632e+00
662 5.03692435885878e+00
663 5.66034491695727e+00
664 5.95043214181705e+00
665 5.95043214168091e+00
666 5.66034491612337e+00
667 5.03692435718502e+00
668 3.98990999314872e+00
669 2.37652723527721e+00
670 2.16001268779084e+00
671 3.59007602711419e+00
672 4.50107628632802e+00
673 5.03692435877034e+00
674 5.28456933413265e+00
675 5.28456933389219e+00
676 5.03692435712777e+00
677 4.50107628666053e+00
678 3.59007602687095e+00
679 2.16001268818789e+00
680 1.77665555532907e+00
681 2.89768841629989e+00
682 3.59007602721965e+00
683 3.98990999323043e+00
684 4.17292815617497e+00
685 4.17292815551709e+00
686 3.98990999309846e+00
687 3.59007602683786e+00
688 2.89768841776275e+00
689 1.77665555632330e+00
690 1.12746239426410e+00
691 1.77665555540398e+00
692 2.16001268773603e+00
693 2.37652723564396e+00
694 2.47461402182608e+00
695 2.47461402137830e+00
696 2.37652723525009e+00
697 2.16001268818393e+00
698 1.77665555632973e+00
699 1.12746239461743e+00
700 1.05030452737975e+00
701 1.63560420980655e+00
702 1.97270836354644e+00
703 2.16001268786563e+00
704 2.24410894543037e+00
705 2.24410894547303e+00
706 2.16001268803430e+00
707 1.97270836340321e+00
708 1.63560420950659e+00
709 1.05030452728822e+00
710 1.63560420980336e+00
711 2.63876244684119e+00
712 3.24501638573093e+00
713 3.59007602718867e+00
714 3.74675239367633e+00
715 3.74675239378276e+00
716 3.59007602746368e+00
717 3.24501638519076e+00
718 2.63876244660885e+00
719 1.63560420958034e+00
720 1.97270836355620e+00
721 3.24501638573389e+00
722 4.03971300255336e+00
723 4.50107628746654e+00
724 4.71274394873742e+00
725 4.71274394888603e+00
726 4.50107628704720e+00
727 4.03971300305103e+00
728 3.24501638547070e+00
729 1.97270836378213e+00
730 2.16001268788106e+00
731 3.59007602720329e+00
732 4.50107628747336e+00
733 5.03692435904846e+00
734 5.28456933508090e+00
735 5.28456933507975e+00
736 5.03692435922249e+00
737 4.50107628723897e+00
738 3.59007602799921e+00
739 2.16001268848383e+00
740 2.24410894543882e+00
741 3.74675239370365e+00
742 4.71274394878451e+00
743 5.28456933513286e+00
744 5.54981806816150e+00
745 5.54981806751552e+00
746 5.28456933491528e+00
747 4.71274394881544e+00
748 3.74675239396618e+00
749 2.24410894557924e+00
750 2.24410894549231e+00
751 3.74675239384858e+00
752 4.71274394902346e+00
753 5.28456933523731e+00
754 5.54981806747122e+00
755 5.54981806774090e+00
756 5.28456933429635e+00
757 4.71274394809933e+00
758 3.74675239351423e+00
759 2.24410894550376e+00
760 2.16001268805609e+00
761 3.59007602755472e+00
762 4.50107628724677e+00
763 5.03692435910988e+00
764 5.28456933475865e+00
765 5.28456933427741e+00
766 5.03692435792237e+00
767 4.50107628679248e+00
768 3.59007602685760e+00
769 2.16001268809218e+00
770 1.97270836340595e+00
771 3.24501638527033e+00
772 4.03971300288042e+00
773 4.50107628694883e+00
774 4.71274394876774e+00
775 4.71274394805268e+00
776 4.50107628677181e+00
777 4.03971300189110e+00
778 3.24501638618691e+00
779 1.97270836407892e+00
780 1.63560420949031e+00
781 2.63876244645420e+00
782 3.24501638516367e+00
783 3.59007602797087e+00
784 3.74675239395064e+00
785 3.74675239347309e+00
786 3.59007602680764e+00
787 3.24501638617708e+00
788 2.63876244761907e+00
789 1.63560421008855e+00
790 1.05030452723180e+00
791 1.63560420940656e+00
792 1.97270836378473e+00
793 2.16001268854314e+00
794 2.24410894555872e+00
795 2.24410894549086e+00
796 2.16001268808935e+00
797 1.97270836408598e+00
798 1.63560421009135e+00
799 1.05030452771554e+00
800 9.03156349991797e-01
801 1.37519436545690e+00
802 1.63560420977652e+00
803 1.77665555557430e+00
804 1.83916562404448e+00
805 1.83916562415479e+00
806 1.77665555557464e+00
807 1.63560420965829e+00
808 1.37519436524693e+00
809 9.03156349841698e-01
810 1.37519436545656e+00
811 2.17364507273892e+00
812 2.63876244661541e+00
813 2.89768841721707e+00
814 3.01390489049036e+00
815 3.01390489056150e+00
816 2.89768841706805e+00
817 2.63876244661804e+00
818 2.17364507226824e+00
819 1.37519436544459e+00
820 1.63560420977484e+00
821 2.63876244660658e+00
822 3.24501638581005e+00
823 3.59007602728604e+00
824 3.74675239387408e+00
825 3.74675239374928e+00
826 3.59007602754588e+00
827 3.24501638531313e+00
828 2.63876244707407e+00
829 1.63560421013934e+00
830 1.77665555555986e+00
831 2.89768841720375e+00
832 3.59007602727478e+00
833 3.98990999397722e+00
834 4.17292815667898e+00
835 4.17292815642163e+00
836 3.98990999364517e+00
837 3.59007602780724e+00
838 2.89768841766908e+00
839 1.77665555579440e+00
840 1.83916562403962e+00
841 3.01390489048330e+00
842 3.74675239394571e+00
843 4.17292815676734e+00
844 4.36879503782954e+00
845 4.36879503809469e+00
846 4.17292815623014e+00
847 3.74675239371534e+00
848 3.01390489067316e+00
849 1.83916562431454e+00
850 1.83916562415765e+00
851 3.01390489066665e+00
852 3.74675239397087e+00
853 4.17292815638592e+00
854 4.36879503802791e+00
855 4.36879503742245e+00
856 4.17292815587437e+00
857 3.74675239339164e+00
858 3.01390489029238e+00
859 1.83916562412321e+00
860 1.77665555560919e+00
861 2.89768841724646e+00
862 3.59007602749201e+00
863 3.98990999346487e+00
864 4.17292815619548e+00
865 4.17292815585957e+00
866 3.98990999311837e+00
867 3.59007602647804e+00
868 2.89768841732702e+00
869 1.77665555584043e+00
870 1.63560420968609e+00
871 2.63876244652279e+00
872 3.24501638505736e+00
873 3.59007602777145e+00
874 3.74675239369986e+00
875 3.74675239336596e+00
876 3.59007602645963e+00
877 3.24501638588238e+00
878 2.63876244710161e+00
879 1.63560421002443e+00
880 1.37519436518263e+00
881 2.17364507205173e+00
882 2.63876244706721e+00
883 2.89768841771656e+00
884 3.01390489064247e+00
885 3.01390489027249e+00
886 2.89768841731057e+00
887 2.63876244710001e+00
888 2.17364507320475e+00
889 1.37519436595135e+00
890 9.03156349767616e-01
891 1.37519436546044e+00
892 1.63560421023679e+00
893 1.77665555578838e+00
894 1.83916562433278e+00
895 1.83916562411434e+00
896 1.77665555584874e+00
897 1.63560421002513e+00
898 1.37519436595887e+00
899 9.03156350041873e-01
900 6.18244841683140e-01
901 9.03156349960083e-01
902 1.05030452732935e+00
903 1.12746239448757e+00
904 1.16115872853507e+00
905 1.16115872853344e+00
906 1.12746239450689e+00
907 1.05030452724049e+00
908 9.03156349773112e-01
909 6.18244841642436e-01
910 9.03156349962338e-01
911 1.37519436528759e+00
912 1.63560420970588e+00
913 1.77665555538271e+00
914 1.83916562403452e+00
915 1.83916562402260e+00
916 1.77665555548335e+00
917 1.63560420932391e+00
918 1.37519436533195e+00
919 9.03156350083244e-01
920 1.05030452732182e+00
921 1.63560420970079e+00
922 1.97270836320131e+00
923 2.16001268793810e+00
924 2.24410894554449e+00
925 2.24410894545029e+00
926 2.16001268766262e+00
927 1.97270836350254e+00
928 1.63560420993999e+00
929 1.05030452744726e+00
930 1.12746239447506e+00
931 1.77665555535852e+00
932 2.16001268793600e+00
933 2.37652723563444e+00
934 2.47461402161169e+00
935 2.47461402166608e+00
936 2.37652723542625e+00
937 2.16001268798942e+00
938 1.77665555572537e+00
939 1.12746239473120e+00
940 1.16115872851410e+00
941 1.83916562405101e+00
942 2.24410894562360e+00
943 2.47461402162068e+00
944 2.57950577055837e+00
945 2.57950577022416e+00
946 2.47461402142391e+00
947 2.24410894540196e+00
948 1.83916562411839e+00
949 1.16115872861130e+00
950 1.16115872856584e+00
951 1.83916562415250e+00
952 2.24410894546896e+00
953 2.47461402155356e+00
954 2.57950577022250e+00
955 2.57950577009404e+00
956 2.47461402124631e+00
957 2.24410894496229e+00
958 1.83916562400540e+00
959 1.16115872865856e+00
960 1.12746239457068e+00
961 1.77665555548682e+00
962 2.16001268750545e+00
963 2.37652723541636e+00
964 2.47461402143972e+00
965 2.47461402124004e+00
966 2.37652723464154e+00
967 2.16001268770440e+00
968 1.77665555562349e+00
969 1.12746239461173e+00
970 1.05030452721469e+00
971 1.63560420916728e+00
972 1.97270836345970e+00
973 2.16001268804140e+00
974 2.24410894538615e+00
975 2.24410894501884e+00
976 2.16001268768610e+00
977 1.97270836346369e+00
978 1.63560420993324e+00
979 1.05030452769901e+00
980 9.03156349694260e-01
981 1.37519436530354e+00
982 1.63560421003645e+00
983 1.77665555572609e+00
984 1.83916562419154e+00
985 1.83916562397252e+00
986 1.77665555563929e+00
987 1.63560420992998e+00
988 1.37519436595469e+00
989 9.03156350108993e-01
990 6.18244841656634e-01
991 9.03156350169235e-01
992 1.05030452747794e+00
993 1.12746239478819e+00
994 1.16115872861692e+00
995 1.16115872867774e+00
996 1.12746239461400e+00
997 1.05030452770664e+00
998 9.03156350133671e-01
999 6.18244841734355e-01
